(3/20) 2020-04-30 10:47:22.714974
prediction
function_id             <CALCULATED>            braycurtis              chebyshev               correlation             <COSINE>                euclidean               minkowski               sqeuclidean             
predict                 0.5131235122680664      0.41688859219812735     0.8202029168605804      0.5117195844650269      0.5131235122680664      0.1311524510383606      0.1311524510383606      0.2451038956642151      
why                     0.3643520474433899      0.26488577575662053     0.8608967363834381      0.3583904504776001      0.3643520474433899      0.030388057231903076    0.030388057231903076    0.0598527193069458      
why-not                 0.35990867018699646     0.2576150083655204      0.8262191414833069      0.3547930419445038      0.35990867018699646     0.031828343868255615    0.031828343868255615    0.06264358758926392     
when                    0.3383999764919281      0.24250330277937204     0.8341682404279709      0.3343387842178345      0.3383999764919281      0.012272119522094727    0.012272119522094727    0.02439361810684204     
preview                 0.3172887861728668      0.22464428055819008     0.8416736572980881      0.32578280568122864     0.3172887861728668      0.006610751152038574    0.006610751152038574    0.013177752494812012    
targetvalues            0.2971959114074707      0.23687770594335789     0.802342027425766       0.29075199365615845     0.2971959114074707      -0.04938316345214844    -0.04938316345214844    -0.10120511054992676    
featureNames            0.2458970695734024      0.2089134418966514      0.7577701210975647      0.24215693771839142     0.2458970695734024      -0.05188882350921631    -0.05188882350921631    -0.10647010803222656    
whatif                  0.21996794641017914     0.15657270073443497     0.7908669710159302      0.21809668838977814     0.21996794641017914     -0.040869832038879395   -0.040869832038879395   -0.08341002464294434    
whatif-gl               0.20064498484134674     0.15074879965532406     0.8249893039464951      0.1944928616285324      0.20064498484134674     -0.057007789611816406   -0.057007789611816406   -0.11726546287536621    
how-to                  0.15557308495044708     0.10423426318247442     0.779299259185791       0.15440616011619568     0.15557308495044708     -0.09837734699249268    -0.09837734699249268    -0.20643270015716553    
certainty               0.13367502391338348     0.09000419783953639     0.758330836892128       0.13021399080753326     0.13367502391338348     -0.1580427885055542     -0.1580427885055542     -0.3410630226135254     
init                    0.09995996952056885     0.06723786156109057     0.7382760345935822      0.10526855289936066     0.09995996952056885     -0.200736403465271      -0.200736403465271      -0.4417678117752075     
=====================


(9/20) 2020-04-30 10:47:22.830898
do you have any samples?
function_id           <CALCULATED>          braycurtis            chebyshev             correlation           <COSINE>              euclidean             minkowski             sqeuclidean           
preview               0.8386967182159424    0.6441627557589706    0.9323503375053406    0.8385632634162903    0.8386967182159424    0.6267074346542358    0.6267074346542358    0.8606526553630829    
featureNames          0.8153760433197021    0.6271615691081236    0.9085366427898407    0.8161605000495911    0.8153760433197021    0.5948364734649658    0.5948364734649658    0.8358425199985504    
predict               0.7995392680168152    0.6098864080312876    0.9107562452554703    0.8008577227592468    0.7995392680168152    0.5813582241535187    0.5813582241535187    0.8247390687465668    
targetvalues          0.7978212833404541    0.628060527894401     0.8496696054935455    0.8033475279808044    0.7978212833404541    0.5475539267063141    0.5475539267063141    0.7952925562858582    
certainty             0.7968133091926575    0.6029853052785199    0.8910495191812515    0.8019588589668274    0.7968133091926575    0.5136191844940186    0.5136191844940186    0.7634336948394775    
when                  0.7707833051681519    0.5741139316966706    0.9099342077970505    0.7742269039154053    0.7707833051681519    0.550769031047821     0.550769031047821     0.7981915324926376    
whatif                0.7622933983802795    0.5576645972387608    0.9091963171958923    0.7637543678283691    0.7622933983802795    0.5537257492542267    0.5537257492542267    0.80083929002285      
why-not               0.7584096193313599    0.5742883160157988    0.8763172328472137    0.764407217502594     0.7584096193313599    0.5378271341323853    0.5378271341323853    0.786396250128746     
why                   0.7518225312232971    0.567464428458859     0.86443130671978      0.7577510476112366    0.7518225312232971    0.5005631744861603    0.5005631744861603    0.750562846660614     
how-to                0.7428982257843018    0.5448197382627724    0.8999397978186607    0.7438564300537109    0.7428982257843018    0.5252380073070526    0.5252380073070526    0.7746010571718216    
whatif-gl             0.6685546636581421    0.461420091076308     0.8885405957698822    0.6713206171989441    0.6685546636581421    0.47815340757369995   0.47815340757369995   0.7276761531829834    
init                  0.5413994193077087    0.37128849361957794   0.8853117972612381    0.5415854454040527    0.5413994193077087    0.29494965076446533   0.29494965076446533   0.502903938293457     
=====================

